;Bank 0x0E

[Big Boo's Haunt]
List = Haunted Staircase|Floor Part|Tumbling Bridge|Bookshelf|Tumbling Bridge|Merry-Go-Round|Coffin
cmd17 = 17 0C 00 12 00 38 28 C0 00 38 39 50|18 0C 00 07 00 37 1C 40 00 38 28 C0 
cmd1A = 1A 0C 00 09 00 32 6E 40 00 32 D0 70
cmd22 = 22 08 00 1D 16 00 07 20|22 08 00 35 12 00 05 B0|22 08 00 36 12 00 05 C8|22 08 00 37 12 00 05 E0|22 08 00 38 12 00 05 F8|22 08 00 39 12 00 06 10|22 08 00 3A 12 00 06 28|22 08 00 3B 12 00 06 40|22 08 00 3C 12 00 06 58

[Cool, Cool Mountain]
List = Wooden Cablecar|Snowman's Bottom/Head/Base|Cabin|Ice Column|Mountain Part
cmd17 = 17 0C 00 12 00 39 5C 90 00 39 63 40|18 0C 00 07 00 38 39 50 00 39 5C 90
cmd1A = 1A 0C 00 09 00 34 11 40 00 34 7A 50
cmd22 = 22 08 00 03 12 00 04 3C|22 08 00 04 12 00 04 6C|22 08 00 05 12 00 04 A4|22 08 00 06 12 00 04 CC|22 08 00 07 12 00 04 F4|22 08 00 27 16 00 04 3C|22 08 00 36 12 00 03 E0|22 08 00 D2 12 00 04 00|22 08 00 37 12 00 04 1C

[Inside Castle]
List = Star Door|Castle Floor Trap|Pendulum|Clock Big/Small Arms|Brick Pillar
cmd17 = 17 0C 00 12 00 3C F0 D0 00 3D 0D C0|18 0C 00 07 00 39 63 40 00 3C F0 D0
cmd1A = 1A 0C 00 09 00 36 59 80 00 36 F5 30
cmd22 = 22 08 00 35 12 00 0F 18|22 08 00 36 12 00 19 40|22 08 00 37 12 00 15 30|22 08 00 38 12 00 15 48|22 08 00 39 12 00 15 18|22 08 00 27 16 00 04 D0|22 08 00 29 16 00 05 F8|22 08 00 1C 16 00 03 A8|22 08 00 1D 16 00 04 D0|22 08 00 D0 12 00 0F 00|22 08 00 D5 12 00 0F 00|22 08 00 D1 12 00 0F 00|22 08 00 D6 12 00 0F 00

[Hazy Maze Cave]
List = Red Mesh Wall|Giant Boulder|Falling Rock|Small Rock|Metal Platform|Elevator Platform
cmd17 = 17 0C 00 12 00 3E 6A 00 00 3E 76 B0|18 0C 00 07 00 3D 0D C0 00 3E 6A 00 
cmd1A = 1A 0C 00 09 00 34 7A 50 00 34 E7 60 
cmd22 = 22 08 00 1D 16 00 04 D0|22 08 00 36 12 00 05 A0|22 08 00 37 12 00 05 B8|22 08 00 38 12 00 05 D0|22 08 00 39 12 00 05 48|22 08 00 3A 12 00 05 70|22 08 00 3B 12 00 05 88|22 08 00 3C 12 00 05 30

[Shifting Sand Land]
List = Sand Pits|Pyramid Top|Tox Box|Grindel|Spindel|Pyramid Wall|Pyramid Elevator Cage
cmd17 = 17 0C 00 12 00 3F B9 90 00 3F C2 B0|18 0C 00 07 00 3E 76 B0 00 3F B9 90
cmd1A = 1A 0C 00 09 00 32 D0 70 00 33 4B 30
cmd22 = 22 08 00 03 12 00 05 C0|22 08 00 04 12 00 05 D8|22 08 00 3A 12 00 06 18|22 08 00 36 12 00 07 34|22 08 00 37 12 00 07 64|22 08 00 38 12 00 07 94|22 08 00 39 12 00 07 AC|22 08 00 C7 12 00 06 30

[Bob-Omb Battlefield]
List = Star Cage Bars|Wooden Bridge|Grills Door
cmd17 = 17 0C 00 12 00 40 5A 60 00 40 5F B0|18 0C 00 07 00 3F C2 B0 00 40 5A 60
cmd1A = 1A 0C 00 09 00 32 D0 70 00 33 4B 30
cmd22 = 22 08 00 36 12 00 04 40|22 08 00 37 12 00 04 58|22 08 00 38 12 00 04 70

[Snowman's Land]
List = Ice Square|Small Triangle|Snow Wave
cmd17 = 17 0C 00 12 00 40 E8 40 00 40 ED 70|18 0C 00 07 00 40 5F B0 00 40 E8 40
cmd1A = 1A 0C 00 09 00 34 11 40 00 34 7A 50
cmd22 = 22 08 00 1D 16 00 07 20|22 08 00 36 12 00 03 90|22 08 00 37 12 00 03 60|22 08 00 38 12 00 03 78

[Wet-Dry World]
List = Wooden Platform|Arrow Lift Platform|Water Level Diamond|Square Wooden Platform|Wooden Platform|Hexagonal Platform
cmd17 = 17 0C 00 12 00 41 9F 90 00 41 A7 60|18 0C 00 07 00 40 ED 70 00 41 9F 90
cmd1A = 1A 0C 00 09 00 35 73 50 00 35 ED 10
cmd22 = 22 08 00 36 12 00 05 80|22 08 00 37 12 00 05 98|22 08 00 38 12 00 05 C0|22 08 00 39 12 00 05 E8|22 08 00 3A 12 00 06 10|22 08 00 3B 12 00 06 28|22 08 00 3C 12 00 06 40

[Jolly Roger Bay]
List = Pillar (Stalagtite)|Pillar Base|Jolly Rock|Floating Bridge|Exploding Box|Sunken ShipShip Parts
cmd17 = 17 0C 00 12 00 42 3B 20 00 42 46 D0|18 0C 00 07 00 41 A7 60 00 42 3B 20
cmd1A = 1A 0C 00 09 00 33 4B 30 00 33 D7 10
cmd22 = 22 08 00 35 12 00 09 78|22 08 00 36 12 00 09 B0|22 08 00 37 12 00 09 E8|22 08 00 38 12 00 0A 00|22 08 00 39 12 00 09 90|22 08 00 3A 12 00 09 C8|22 08 00 3B 12 00 09 30|22 08 00 3C 12 00 09 60|22 08 00 3D 12 00 09 00|22 08 00 3E 12 00 09 18|22 08 00 3F 12 00 09 48

[Tiny-Huge Island]
List = Huge Island Top|Tiny Island Top|Grassy Island
cmd17 = 17 0C 00 12 00 42 C6 E0 00 42 CF 20|18 0C 00 07 00 42 46 D0 00 42 C6 E0
cmd1A = 1A 0C 00 09 00 34 E7 60 00 35 19 60
cmd22 = 22 08 00 03 12 00 05 F0|22 08 00 36 12 00 05 B0|22 08 00 37 12 00 05 C8

[Tick Tock Clock]
List = Clock Cube|Clock Prism|Clock Pendulum|Clock Metal Platform|Square Prism Platform|Hexagonal Gear Platform|Triangular Clock Gear|Clock Box|Clock Platform|Clock Big Arm|Clockwork Gear Platform|Small Gear|Big Gear
cmd17 = 17 0C 00 12 00 43 74 00 00 43 78 70|18 0C 00 07 00 42 CF 20 00 43 74 00 
cmd1A = 1A 0C 00 09 00 D3 93 D0 00 D4 31 70
cmd22 = 22 08 00 36 12 00 02 40|22 08 00 37 12 00 02 58|22 08 00 38 12 00 02 70|22 08 00 39 12 00 02 88|22 08 00 3A 12 00 02 A8|22 08 00 3B 12 00 02 C8|22 08 00 3C 12 00 02 E0|22 08 00 3D 12 00 02 F8|22 08 00 3E 12 00 03 10|22 08 00 3F 12 00 03 28|22 08 00 40 12 00 03 40|22 08 00 41 12 00 03 58|22 08 00 42 12 00 03 70|22 08 00 43 12 00 03 88|22 08 00 44 12 00 03 A0

[Rainbow Ride]
List = Flying Carpet|Rainbow Ring|Rainbow Path Parts|Wing|Many non-solid platforms
cmd17 = 17 0C 00 12 00 44 A1 40 00 44 AB C0|18 0C 00 07 00 43 78 70 00 44 A1 40
cmd1A = 1A 0C 00 09 00 33 D7 10 00 34 11 40
cmd22 = 22 08 00 03 12 00 06 60|22 08 00 04 12 00 06 78|22 08 00 05 12 00 06 90|22 08 00 06 12 00 06 A8|22 08 00 07 12 00 06 C0|22 08 00 08 12 00 06 D8|22 08 00 09 12 00 06 F0|22 08 00 0A 12 00 07 08|22 08 00 0B 12 00 07 20|22 08 00 0C 12 00 07 38|22 08 00 0D 12 00 07 58|22 08 00 0E 12 00 07 70|22 08 00 0F 12 00 07 88|22 08 00 10 12 00 07 A0|22 08 00 11 12 00 07 B8|22 08 00 12 12 00 07 D0|22 08 00 13 12 00 07 E8|22 08 00 14 12 00 08 00|22 08 00 15 12 00 08 18|22 08 00 21 12 00 08 30|22 08 00 36 12 00 08 C0|22 08 00 37 12 00 08 48|22 08 00 38 12 00 08 A8|22 08 00 39 12 00 08 78|22 08 00 3A 12 00 08 D8|22 08 00 3B 12 00 08 90|22 08 00 3C 12 00 09 08|22 08 00 3D 12 00 09 40|22 08 00 3E 12 00 08 60|22 08 00 3F 12 00 09 20|22 08 00 40 12 00 08 F0|22 08 00 41 12 00 09 58|22 08 00 42 12 00 09 70|22 08 00 43 12 00 09 88|22 08 00 44 12 00 09 A0|22 08 00 45 12 00 09 B8

[Castle Grounds]
List = Castle Flag|Castle Tower (non-solid)|Castle Moat Grills|Castle Grills
cmd17 = 17 0C 00 12 00 45 45 E0 00 45 4E 00|18 0C 00 07 00 44 AB C0 00 45 45 E0
cmd1A = 1A 0C 00 09 00 35 ED 10 00 36 59 80
cmd22 = 22 08 00 03 12 00 06 F4|22 08 00 29 16 00 05 F8|22 08 00 36 12 00 07 0C|22 08 00 37 12 00 06 60|22 08 00 38 12 00 07 24

[Bowser First Course]
List = Quartz Cristal|Quartzy Path|Wooden Bridge & Fences|Magic Staircase|Many non-solid platforms
cmd17 = 17 0C 00 12 00 45 BF 60 00 45 C6 00|18 0C 00 07 00 45 4E 00 00 45 BF 60 
cmd1A = 1A 0C 00 09 00 33 D7 10 00 34 11 40 
cmd22 = 22 08 00 03 12 00 03 C0|22 08 00 04 12 00 03 D8|22 08 00 05 12 00 03 F0|22 08 00 06 12 00 04 08|22 08 00 07 12 00 04 20|22 08 00 08 12 00 04 38|22 08 00 09 12 00 04 50|22 08 00 0A 12 00 04 68|22 08 00 0B 12 00 04 80|22 08 00 0C 12 00 04 98|22 08 00 0D 12 00 04 B0|22 08 00 0E 12 00 04 C8|22 08 00 0F 12 00 04 E0|22 08 00 10 12 00 04 F8|22 08 00 11 12 00 05 10|22 08 00 36 12 00 05 58|22 08 00 37 12 00 05 40|22 08 00 38 12 00 05 28|22 08 00 39 12 00 05 70|22 08 00 3A 12 00 05 88|22 08 00 3B 12 00 05 A0|22 08 00 3C 12 00 05 B8|22 08 00 3D 12 00 05 D0|22 08 00 3E 12 00 05 E8|22 08 00 3F 12 00 06 00

[Vanish Cap]
List = Wood Platform
cmd17 = 17 0C 00 12 00 46 12 20 00 46 14 D0|18 0C 00 07 00 45 C6 00 00 46 12 20 
cmd1A = 1A 0C 00 09 00 35 ED 10 00 36 59 80 
cmd22 = 22 08 00 36 0E 00 01 F0

[Bowser Second Course]
List = Platform and Cage Track|Cage Track|Wire Meshes|Flat Star|Warp Cone|Mesh Cage Elevator|Cage Platform|Sinking Platforms|Many non-solid platforms
cmd17 = 17 0C 00 12 00 46 A8 40 00 46 B0 90|18 0C 00 07 00 46 14 D0 00 46 A8 40 
cmd1A = 18 0C 00 0A 00 2D 00 40 00 2D 64 F0 
cmd22 = 22 08 00 03 12 00 04 B0|22 08 00 04 12 00 04 C8|22 08 00 05 12 00 04 E0|22 08 00 06 12 00 04 F8|22 08 00 07 12 00 05 10|22 08 00 08 12 00 05 28|22 08 00 09 12 00 05 40|22 08 00 0A 12 00 05 58|22 08 00 0B 12 00 05 70|22 08 00 0C 12 00 05 88|22 08 00 0D 12 00 05 A0|22 08 00 0E 12 00 05 B8|22 08 00 0F 12 00 05 D0|22 08 00 10 12 00 05 E8|22 08 00 11 12 00 06 00|22 08 00 12 12 00 06 18|22 08 00 13 12 00 06 30|22 08 00 14 12 00 06 48|22 08 00 15 12 00 06 60|22 08 00 36 12 00 07 58|22 08 00 37 12 00 06 C0|22 08 00 38 12 00 07 70|22 08 00 39 12 00 06 A8|22 08 00 3A 12 00 06 90|22 08 00 3B 12 00 06 78|22 08 00 3C 12 00 07 08|22 08 00 3D 12 00 07 88|22 08 00 3E 12 00 07 28|22 08 00 3F 12 00 07 40|22 08 00 40 12 00 06 D8|22 08 00 41 12 00 06 F0

[Bowser Third Course]
List = Fences|Platforms Path|Track For Platform|Pole & Spike|Rainbow Staircase|Many non-solid platforms
cmd17 = 17 0C 00 12 00 47 7D 00 00 47 84 A0|18 0C 00 07 00 46 C3 A0 00 47 7D 00 
cmd1A = 1A 0C 00 09 00 33 D7 10 00 34 11 40 
cmd22 = 22 08 00 03 12 00 04 30|22 08 00 04 12 00 04 48|22 08 00 05 12 00 04 60|22 08 00 06 12 00 04 78|22 08 00 07 12 00 04 90|22 08 00 08 12 00 04 A8|22 08 00 09 12 00 04 C0|22 08 00 0A 12 00 04 D8|22 08 00 0B 12 00 04 F0|22 08 00 0C 12 00 05 08|22 08 00 0D 12 00 05 20|22 08 00 0E 12 00 05 38|22 08 00 0F 12 00 05 50|22 08 00 10 12 00 05 68|22 08 00 11 12 00 05 80|22 08 00 12 12 00 05 98|22 08 00 13 12 00 05 B0|22 08 00 14 12 00 05 C8|22 08 00 36 12 00 05 E0|22 08 00 37 12 00 05 F8|22 08 00 39 12 00 06 10|22 08 00 3C 12 00 06 28|22 08 00 3D 12 00 06 40|22 08 00 3E 12 00 06 58|22 08 00 3F 12 00 06 70|22 08 00 40 12 00 06 88|22 08 00 41 12 00 06 A0|22 08 00 42 12 00 06 B8|22 08 00 43 12 00 06 D0|22 08 00 44 12 00 06 E8|22 08 00 45 12 00 07 00

[Lethal Lava Land]
List = Bascule Bridge|Wooden Bridge Path|Long Sinking Platform|Bowser Puzzle Pieces|Giant Log|Many non-solid platforms
cmd17 = 17 0C 00 12 00 48 C9 B0 00 48 D9 30|18 0C 00 07 00 47 84 A0 00 48 C9 B0 
cmd1A = 1A 0C 00 09 00 31 E1 D0 00 32 6E 40 
cmd22 = 22 08 00 03 12 00 09 E0|22 08 00 04 12 00 09 F8|22 08 00 05 12 00 0A 10|22 08 00 06 12 00 0A 28|22 08 00 07 12 00 0A 40|22 08 00 08 12 00 0A 60|22 08 00 0A 12 00 0A 90|22 08 00 0B 12 00 0A A8|22 08 00 0C 12 00 0A C0|22 08 00 0D 12 00 0A D8|22 08 00 0E 12 00 0A F0|22 08 00 38 12 00 0B 20|22 08 00 3A 12 00 0B 38|22 08 00 3E 12 00 0B B0|22 08 00 3F 12 00 0B C8|22 08 00 40 12 00 0B E0|22 08 00 41 12 00 0B F8|22 08 00 43 12 00 0C 10|22 08 00 44 12 00 0C 30|22 08 00 45 12 00 0C 50|22 08 00 46 12 00 0C 70|22 08 00 47 12 00 0C 90|22 08 00 48 12 00 0C B0|22 08 00 49 12 00 0C D0|22 08 00 4A 12 00 0C F0|22 08 00 4B 12 00 0D 10|22 08 00 4C 12 00 0D 30|22 08 00 4D 12 00 0D 50|22 08 00 4E 12 00 0D 70|22 08 00 4F 12 00 0D 90|22 08 00 50 12 00 0D B0|22 08 00 36 12 00 0B 08|22 08 00 37 12 00 0D D0|22 08 00 39 12 00 0D E8|22 08 00 09 12 00 0A 78|22 08 00 35 12 00 0B 50|22 08 00 3B 12 00 0B 68

[Dire, Dire Docks]
List = Yellow Pole|Bowser Picture Door|Bowser Submarine
cmd17 = 17 0C 00 12 00 49 5A 60 00 49 60 90|18 0C 00 07 00 48 D9 30 00 49 5A 60
cmd1A = 1A 0C 00 09 00 33 4B 30 00 33 D7 10
cmd22 = 22 08 00 36 12 00 04 78|22 08 00 37 12 00 04 A0|22 08 00 38 12 00 04 50

[Whomp's Fortress]
List = Rocky Staircase|Floating Brick Platform|Whomp's Tower|Bullet Bill Cannon|Platform an Wooden Board Bridge|Grass & Flowers|Clock-Like Rotating Bridge|Concrete Bridge|Giant Pole|Whomp's Tower Platforms|Breakable Wall Corners|Giant Wooden Board|Tower Door
cmd17 = 17 0C 00 12 00 49 DA 50 00 49 E7 10|18 0C 00 07 00 49 60 90 00 49 DA 50
cmd1A = 1A 0C 00 09 00 35 73 50 00 35 ED 10
cmd22 = 22 08 00 03 12 00 07 E0|22 08 00 04 12 00 08 20|22 08 00 05 12 00 08 60|22 08 00 06 12 00 08 78|22 08 00 07 12 00 08 90|22 08 00 08 12 00 08 A8|22 08 00 09 12 00 08 E8|22 08 00 0A 12 00 09 00|22 08 00 0C 12 00 09 40|22 08 00 0D 12 00 0A E0|22 08 00 0E 12 00 09 58|22 08 00 0F 12 00 09 A0|22 08 00 10 12 00 09 B8|22 08 00 11 12 00 09 D0|22 08 00 12 12 00 09 E8|22 08 00 AE 12 00 0A 00|22 08 00 B1 12 00 0A 40|22 08 00 AF 12 00 0A 58|22 08 00 AD 12 00 0A 98|22 08 00 B0 12 00 0A B0|22 08 00 B2 12 00 0A C8|22 08 00 2C 12 00 0A F8|22 08 00 2D 12 00 0B 10|22 08 00 2E 12 00 0B 38|22 08 00 2F 12 00 0B 60|22 08 00 36 12 00 0B 78|22 08 00 37 12 00 0B 90|22 08 00 38 12 00 0B A8|22 08 00 39 12 00 0B E0|22 08 00 3A 12 00 0B C8

[Castle Courtyard]
List = Castle Courtyard Tower
cmd17 = 17 0C 00 12 00 4A F6 70 00 4A F9 30|18 0C 00 07 00 4A C5 70 00 4A F6 70 
cmd1A = 1A 0C 00 09 00 35 ED 10 00 36 59 80 
cmd22 = 22 08 00 27 16 00 04 D0|22 08 00 03 12 00 02 00

[Wing Cap]
List = Cloud
cmd17 = 17 0C 00 12 00 4C 27 00 00 4C 29 20|18 0C 00 07 00 4B EC 30 00 4C 27 00 
cmd1A = 1A 0C 00 09 00 33 D7 10 00 34 11 40 
cmd22 = 22 08 00 03 12 00 01 60

[Bowser Second Battle]
List = Bowser's Lava Platform
cmd17 = 17 0C 00 12 00 4C E9 F0 00 4C EC 00|18 0C 00 07 00 4C DB D0 00 4C E9 F0 
cmd1A = 1A 0C 00 09 00 31 E1 D0 00 32 6E 40 
cmd22 = 22 08 00 24 12 00 01 70

[Bowser Third Battle]
List = Bowser Platforms|Bowser Bomb Stand
cmd17 = 17 0C 00 12 00 4D 14 F0 00 4D 19 10|18 0C 00 07 00 4C EC 00 00 4D 14 F0
cmd22 = 22 08 00 36 12 00 02 90|22 08 00 37 12 00 02 A8|22 08 00 38 12 00 02 C0|22 08 00 39 12 00 02 D8|22 08 00 3A 12 00 02 F0|22 08 00 3B 12 00 03 08|22 08 00 3C 12 00 03 20|22 08 00 3D 12 00 03 38|22 08 00 3E 12 00 03 50|22 08 00 3F 12 00 03 68|22 08 00 03 12 00 03 80

[Tall, Tall Mountain]
List = Little Cage|Giant Wooden Log (Pitoune)|Mushroom Platforms|Cannon Hole|Mountain Bridge Parts|Vine Bridge|Blue Smiley|Yellow Smiley|Star Smiley|Moon Smiley|Tall Tall Slide Exit Podium|
cmd17 = 17 0C 00 12 00 4E B1 F0 00 4E C0 00|18 0C 00 07 00 4D 19 10 00 4E B1 F0
cmd1A = 1A 0C 00 09 00 35 19 60 00 35 73 50
cmd22 = 22 08 00 7B 12 00 0D F4|22 08 00 35 12 00 07 30|22 08 00 36 12 00 07 10|22 08 00 37 12 00 0D 14|22 08 00 38 12 00 0D 4C|22 08 00 39 12 00 0D 84|22 08 00 3A 12 00 0D BC|22 08 00 03 12 00 07 48|22 08 00 04 12 00 07 78|22 08 00 05 12 00 07 A8|22 08 00 06 12 00 07 D8|22 08 00 07 12 00 08 08|22 08 00 08 12 00 08 30|22 08 00 09 12 00 08 58|22 08 00 0A 12 00 08 80|22 08 00 0B 12 00 08 A8|22 08 00 0C 12 00 08 D0|22 08 00 0D 12 00 08 F8|22 08 00 0F 12 00 09 20|22 08 00 10 12 00 09 48|22 08 00 11 12 00 09 70|22 08 00 12 12 00 09 90|22 08 00 13 12 00 09 C0|22 08 00 14 12 00 09 F0|22 08 00 15 12 00 0A 18|22 08 00 21 12 00 0A 40|
